72
0.0023748
-0.0025015
-0.0038283
-0.0053395
-0.0060444
-0.0051196
-0.0021422
0.0026821
0.0084166
0.013516
0.016184
0.014912
0.0090439
-0.00082055
-0.012735
-0.023733
-0.030529
-0.030442
-0.022298
-0.0070156
0.012349
0.031208
0.044484
0.04804
0.039895
0.020999
-0.0047519
-0.031333
-0.052058
-0.061328
-0.056189
-0.037249
-0.0086836
0.022743
0.049357
0.064563
0.064563
0.049357
0.022743
-0.0086836
-0.037249
-0.056189
-0.061328
-0.052058
-0.031333
-0.0047519
0.020999
0.039895
0.04804
0.044484
0.031208
0.012349
-0.0070156
-0.022298
-0.030442
-0.030529
-0.023733
-0.012735
-0.00082055
0.0090439
0.014912
0.016184
0.013516
0.0084166
0.0026821
-0.0021422
-0.0051196
-0.0060444
-0.0053395
-0.0038283
-0.0025015
0.0023748
