72
0.013057
0.00050412
-0.0006896
0.0082489
0.0043649
0.00025565
-0.013393
-0.011428
-0.002616
0.013568
0.012696
0.0045209
-0.0058002
-0.0016
0.0010545
-0.003935
-0.01799
-0.01547
0.0062408
0.030971
0.027047
-9.396e-005
-0.022634
-0.01631
-0.0015028
-0.0063155
-0.027478
-0.019579
0.036326
0.092117
0.068155
-0.043212
-0.14588
-0.12546
0.01914
0.15887
0.15887
0.01914
-0.12546
-0.14588
-0.043212
0.068155
0.092117
0.036326
-0.019579
-0.027478
-0.0063155
-0.0015028
-0.01631
-0.022634
-9.396e-005
0.027047
0.030971
0.0062408
-0.01547
-0.01799
-0.003935
0.0010545
-0.0016
-0.0058002
0.0045209
0.012696
0.013568
-0.002616
-0.011428
-0.013393
0.00025565
0.0043649
0.0082489
-0.0006896
0.00050412
0.013057
