72
0.0023759
-0.002498
-0.0038218
-0.0053319
-0.006039
-0.0051191
-0.0021482
0.0026686
0.0083957
0.01349
0.016159
0.014897
0.0090439
-0.00080229
-0.0127
-0.023686
-0.030477
-0.030398
-0.022277
-0.0070246
0.012315
0.031144
0.044408
0.047966
0.039839
0.020978
-0.0047313
-0.031273
-0.051971
-0.061231
-0.056102
-0.037195
-0.0086723
0.022703
0.049276
0.064459
0.064459
0.049276
0.022703
-0.0086723
-0.037195
-0.056102
-0.061231
-0.051971
-0.031273
-0.0047313
0.020978
0.039839
0.047966
0.044408
0.031144
0.012315
-0.0070246
-0.022277
-0.030398
-0.030477
-0.023686
-0.0127
-0.00080229
0.0090439
0.014897
0.016159
0.01349
0.0083957
0.0026686
-0.0021482
-0.0051191
-0.006039
-0.0053319
-0.0038218
-0.002498
0.0023759
