72
-0.013142
0.012122
0.0071783
0.003701
0.001324
0.0001016
0.00032682
0.0021747
0.0053676
0.0089936
0.011572
0.011435
0.0073579
-0.00082898
-0.011831
-0.022949
-0.030662
-0.031628
-0.02383
-0.0075572
0.014262
0.036478
0.052923
0.058079
0.048962
0.026023
-0.0061601
-0.040137
-0.067209
-0.079747
-0.073506
-0.048971
-0.011429
0.030208
0.065654
0.08597
0.08597
0.065654
0.030208
-0.011429
-0.048971
-0.073506
-0.079747
-0.067209
-0.040137
-0.0061601
0.026023
0.048962
0.058079
0.052923
0.036478
0.014262
-0.0075572
-0.02383
-0.031628
-0.030662
-0.022949
-0.011831
-0.00082898
0.0073579
0.011435
0.011572
0.0089936
0.0053676
0.0021747
0.00032682
0.0001016
0.001324
0.003701
0.0071783
0.012122
-0.013142
