72
-0.0048431
0.0049365
-0.00028099
-0.0036221
-0.0049424
-0.004169
-0.001259
0.0035381
0.0093758
0.014747
0.01773
0.016538
0.010212
-0.00080999
-0.014486
-0.027432
-0.035709
-0.03596
-0.026517
-0.0082489
0.015309
0.038553
0.055173
0.059847
0.049907
0.026337
-0.0060805
-0.039795
-0.066238
-0.078211
-0.071787
-0.04765
-0.011086
0.029253
0.063468
0.083023
0.083023
0.063468
0.029253
-0.011086
-0.04765
-0.071787
-0.078211
-0.066238
-0.039795
-0.0060805
0.026337
0.049907
0.059847
0.055173
0.038553
0.015309
-0.0082489
-0.026517
-0.03596
-0.035709
-0.027432
-0.014486
-0.00080999
0.010212
0.016538
0.01773
0.014747
0.0093758
0.0035381
-0.001259
-0.004169
-0.0049424
-0.0036221
-0.00028099
0.0049365
-0.0048431
