102
0.0
4.1231
5.2915
6.3246
7.0356
7.5166
7.9687
8.3666
8.6487
8.9219
9.1652
9.3702
9.5603
9.7211
9.859
10.0
10.0995
10.1784
10.247
10.286
10.3199
10.3392
10.3537
10.3634
10.3537
10.344
10.3344
10.315
10.286
10.2665
10.247
10.198
10.1637
10.1242
10.0995
10.0499
10.0099
9.98
9.945
9.9096
9.8742
9.8387
9.798
9.757
9.716
9.6799
9.6437
9.602
9.555
9.5131
9.4763
9.434
9.3915
9.3488
9.3005
9.2628
9.2195
9.176
9.1269
9.083
9.0443
9.0
8.9554
8.9107
8.8657
8.8318
8.775
8.741
8.6948
8.6603
8.6023
8.5674
8.5206
8.4735
8.4261
8.3964
8.3546
8.3066
8.2704
8.2219
8.1854
8.1486
8.1117
8.0747
8.0374
8.0
7.9624
7.9246
7.8867
7.8486
7.8102
7.7846
7.746
7.7136
7.6811
7.6485
7.6158
7.5763
7.5366
7.50999
7.4833
7.4833
