102
0.017453
0.087266
0.160570
0.226893
0.286234
0.349066
0.394444
0.450295
0.492183
0.541052
0.584685
0.631809
0.668461
0.705113
0.733038
0.764454
0.788889
0.816814
0.837758
0.858702
0.877901
0.898845
0.918043
0.938987
0.954695
0.973894
0.980875
0.994838
1.008800
1.022763
1.033235
1.047198
1.061160
1.068141
1.080359
1.089085
1.099557
1.108284
1.117011
1.125737
1.134464
1.141445
1.150172
1.155408
1.162389
1.169371
1.172861
1.178097
1.185079
1.188569
1.192060
1.195551
1.200787
1.204277
1.211258
1.218240
1.221730
1.225221
1.228712
1.233948
1.239184
1.242674
1.246165
1.251401
1.256637
1.260128
1.265364
1.270600
1.274090
1.277581
1.282817
1.288053
1.291544
1.295034
1.303761
1.308997
1.312488
1.315978
1.322960
1.326450
1.329941
1.333432
1.340413
1.343905
1.347394
1.352630
1.357866
1.361357
1.364847
1.371829
1.377065
1.380555
1.385791
1.392773
1.396263
1.399754
1.403245
1.410226
1.413717
1.417207
1.422443
1.422443
