71
0.000288599
0.000379359
0.000392234
0.000137181
-0.000447426
-0.00127212
-0.00206603
-0.00243172
-0.00199485
-0.00060474
0.00149891
0.00365038
0.0049181
0.00444872
0.00188836
-0.00229511
-0.00676861
-0.00967027
-0.00927985
-0.00481417
0.00297085
0.0116823
0.0178637
0.0181608
0.0107394
-0.00355667
-0.0208157
-0.0347335
-0.0382959
-0.0260215
0.00394576
0.0486415
0.100492
0.148997
0.183454
0.195917
0.183454
0.148997
0.100492
0.0486415
0.00394576
-0.0260215
-0.0382959
-0.0347335
-0.0208157
-0.00355667
0.0107394
0.0181608
0.0178637
0.0116823
0.00297085
-0.00481417
-0.00927985
-0.00967027
-0.00676861
-0.00229511
0.00188836
0.00444872
0.0049181
0.00365038
0.00149891
-0.00060474
-0.00199485
-0.00243172
-0.00206603
-0.00127212
-0.000447426
0.000137181
0.000392234
0.000379359
0.000288599
ripple_ratio = 20
passband_edge_freq = 0.078125
stopband_edge_freq = 0.125
grid_density = 16
