71
-7.92226e-006
-9.79018e-005
-0.000225646
-0.00040088
-0.000551993
-0.000576117
-0.000362757
0.000148732
0.000906875
0.00171051
0.00222743
0.00208691
0.001033
-0.000907762
-0.00331693
-0.00540514
-0.00620301
-0.00489917
-0.00123197
0.00421153
0.00994114
0.0138498
0.013828
0.00856333
-0.00172392
-0.0148897
-0.0270371
-0.0333101
-0.0291637
-0.0117832
0.0187789
0.059138
0.103009
0.142495
0.169924
0.179742
0.169924
0.142495
0.103009
0.059138
0.0187789
-0.0117832
-0.0291637
-0.0333101
-0.0270371
-0.0148897
-0.00172392
0.00856333
0.013828
0.0138498
0.00994114
0.00421153
-0.00123197
-0.00489917
-0.00620301
-0.00540514
-0.00331693
-0.000907762
0.001033
0.00208691
0.00222743
0.00171051
0.000906875
0.000148732
-0.000362757
-0.000576117
-0.000551993
-0.00040088
-0.000225646
-9.79018e-005
-7.92226e-006
ripple_ratio = 20
passband_edge_freq = 0.0625
stopband_edge_freq = 0.125
grid_density = 16
noise_equiv_bw = 0.0835834
