71
3.78888e-005
-0.00202703
-0.00361474
-0.0051841
-0.00551062
-0.00392682
-0.000638102
0.00310695
0.00545645
0.00490195
0.00127313
-0.00383579
-0.00762671
-0.00752837
-0.00280503
0.00460873
0.0107309
0.0115417
0.00543275
-0.00531029
-0.0150836
-0.0176684
-0.00986882
0.0058991
0.0218078
0.0280479
0.0181613
-0.00634633
-0.0347858
-0.0507128
-0.0389806
0.00662973
0.0789063
0.158363
0.220046
0.243273
0.220046
0.158363
0.0789063
0.00662973
-0.0389806
-0.0507128
-0.0347858
-0.00634633
0.0181613
0.0280479
0.0218078
0.0058991
-0.00986882
-0.0176684
-0.0150836
-0.00531029
0.00543275
0.0115417
0.0107309
0.00460873
-0.00280503
-0.00752837
-0.00762671
-0.00383579
0.00127313
0.00490195
0.00545645
0.00310695
-0.000638102
-0.00392682
-0.00551062
-0.0051841
-0.00361474
-0.00202703
3.78888e-005
ripple_ratio = 20
passband_edge_freq = 0.109375
stopband_edge_freq = 0.140625
grid_density = 16
noise_equiv_bw = 0.111036
